0 57
1 0
1 92
2 0
2 50
2 1
3 2
3 95
4 0
5 2
5 93
6 4
7 3
8 2
9 0
9 41
10 7
10 59
11 0
12 10
12 23
13 3
14 0
14 61
15 3
16 2
17 7
17 58
17 90
18 0
18 88
19 7
20 10
21 0
22 10
23 20
23 18
23 51
24 0
25 10
25 77
26 17
27 8
27 5
27 25
28 0
28 96
29 3
29 40
30 87
30 89
31 30
31 86
32 30
32 6
33 31
33 26
34 30
34 28
35 30
36 30
37 31
37 97
38 32
39 30
40 37
41 32
42 33
42 69
42 98
43 30
43 52
43 55
44 38
44 43
45 34
46 36
47 45
48 33
49 33
49 62
50 30
51 44
51 27
52 31
52 12
53 31
54 47
54 29
55 53
55 48
56 39
56 65
57 33
57 91
58 54
59 56
59 49
60 32
60 35
60 66
61 30
61 67
62 56
63 34
64 54
65 30
65 94
66 31
67 32
67 46
68 37
69 63
69 15
70 22
71 70
71 83
72 70
73 70
74 70
74 24
74 68
75 73
75 16
76 70
77 70
78 70
79 74
80 70
80 14
81 70
81 11
81 99
82 70
82 79
83 73
84 81
84 80
85 70
85 64
86 71
86 21
87 70
87 13
87 19
87 78
88 76
89 75
89 60
90 70
90 85
91 84
92 70
93 82
93 9
94 72
95 70
96 82
97 71
97 42
98 74
99 84
